[(315, 0), (431, 0), (553, 0)]
[(315, 1), (431, 1), (553, 1)]
[(314, 2), (431, 2), (554, 2)]
[(314, 3), (431, 3), (554, 3)]
[(314, 4), (431, 4), (554, 4)]
[(313, 5), (431, 5), (555, 5)]
[(313, 6), (431, 6), (555, 6)]
[(313, 7), (431, 7), (555, 7)]
[(312, 8), (431, 8), (555, 8)]
[(312, 9), (431, 9), (556, 9)]
[(312, 10), (431, 10), (556, 10)]
[(311, 11), (431, 11), (556, 11)]
[(311, 12), (431, 12), (557, 12)]
[(311, 13), (431, 13), (557, 13)]
[(310, 14), (431, 14), (557, 14)]
[(310, 15), (431, 15), (558, 15)]
[(310, 16), (431, 16), (558, 16)]
[(309, 17), (431, 17), (558, 17)]
[(309, 18), (431, 18), (558, 18)]
[(309, 19), (431, 19), (559, 19)]
[(308, 20), (431, 20), (559, 20)]
[(308, 21), (431, 21), (559, 21)]
[(308, 22), (431, 22), (560, 22)]
[(307, 23), (431, 23), (560, 23)]
[(307, 24), (431, 24), (560, 24)]
[(307, 25), (431, 25), (561, 25)]
[(307, 26), (431, 26), (561, 26)]
[(306, 27), (431, 27), (561, 27)]
[(306, 28), (431, 28), (561, 28)]
[(306, 29), (431, 29), (562, 29)]
[(305, 30), (431, 30), (562, 30)]
[(305, 31), (431, 31), (562, 31)]
[(305, 32), (431, 32), (563, 32)]
[(304, 33), (431, 33), (563, 33)]
[(304, 34), (431, 34), (563, 34)]
[(304, 35), (431, 35), (564, 35)]
[(303, 36), (431, 36), (564, 36)]
[(303, 37), (431, 37), (564, 37)]
[(303, 38), (431, 38), (565, 38)]
[(302, 39), (431, 39), (565, 39)]
[(302, 40), (431, 40), (565, 40)]
[(302, 41), (431, 41), (565, 41)]
[(301, 42), (431, 42), (566, 42)]
[(301, 43), (432, 43), (566, 43)]
[(301, 44), (432, 44), (566, 44)]
[(300, 45), (432, 45), (567, 45)]
[(300, 46), (432, 46), (567, 46)]
[(300, 47), (432, 47), (567, 47)]
[(299, 48), (432, 48), (568, 48)]
[(299, 49), (432, 49), (568, 49)]
[(299, 50), (432, 50), (568, 50)]
[(298, 51), (432, 51), (568, 51)]
[(298, 52), (432, 52), (569, 52)]
[(298, 53), (432, 53), (569, 53)]
[(297, 54), (432, 54), (569, 54)]
[(297, 55), (432, 55), (570, 55)]
[(297, 56), (432, 56), (570, 56)]
[(296, 57), (432, 57), (570, 57)]
[(296, 58), (432, 58), (571, 58)]
[(296, 59), (432, 59), (571, 59)]
[(295, 60), (432, 60), (571, 60)]
[(295, 61), (432, 61), (571, 61)]
[(295, 62), (432, 62), (572, 62)]
[(294, 63), (432, 63), (572, 63)]
[(294, 64), (432, 64), (572, 64)]
[(294, 65), (432, 65), (573, 65)]
[(293, 66), (432, 66), (573, 66)]
[(293, 67), (432, 67), (573, 67)]
[(293, 68), (432, 68), (574, 68)]
[(292, 69), (432, 69), (574, 69)]
[(292, 70), (432, 70), (574, 70)]
[(292, 71), (432, 71), (574, 71)]
[(291, 72), (432, 72), (575, 72)]
[(291, 73), (432, 73), (575, 73)]
[(291, 74), (432, 74), (575, 74)]
[(291, 75), (432, 75), (576, 75)]
[(290, 76), (432, 76), (576, 76)]
[(290, 77), (432, 77), (576, 77)]
[(290, 78), (432, 78), (577, 78)]
[(289, 79), (432, 79), (577, 79)]
[(289, 80), (432, 80), (577, 80)]
[(289, 81), (432, 81), (578, 81)]
[(288, 82), (432, 82), (578, 82)]
[(288, 83), (432, 83), (578, 83)]
[(288, 84), (432, 84), (578, 84)]
[(287, 85), (432, 85), (579, 85)]
[(287, 86), (432, 86), (579, 86)]
[(287, 87), (432, 87), (579, 87)]
[(286, 88), (432, 88), (580, 88)]
[(286, 89), (432, 89), (580, 89)]
[(286, 90), (432, 90), (580, 90)]
[(285, 91), (432, 91), (581, 91)]
[(285, 92), (432, 92), (581, 92)]
[(285, 93), (432, 93), (581, 93)]
[(284, 94), (432, 94), (581, 94)]
[(284, 95), (432, 95), (582, 95)]
[(284, 96), (432, 96), (582, 96)]
[(283, 97), (432, 97), (582, 97)]
[(283, 98), (432, 98), (583, 98)]
[(283, 99), (432, 99), (583, 99)]
[(282, 100), (432, 100), (583, 100)]
[(282, 101), (432, 101), (584, 101)]
[(282, 102), (432, 102), (584, 102)]
[(281, 103), (432, 103), (584, 103)]
[(281, 104), (432, 104), (584, 104)]
[(281, 105), (432, 105), (585, 105)]
[(280, 106), (432, 106), (585, 106)]
[(280, 107), (432, 107), (585, 107)]
[(280, 108), (432, 108), (586, 108)]
[(279, 109), (432, 109), (586, 109)]
[(279, 110), (432, 110), (586, 110)]
[(279, 111), (432, 111), (587, 111)]
[(278, 112), (432, 112), (587, 112)]
[(278, 113), (432, 113), (587, 113)]
[(278, 114), (432, 114), (588, 114)]
[(277, 115), (432, 115), (588, 115)]
[(277, 116), (432, 116), (588, 116)]
[(277, 117), (432, 117), (588, 117)]
[(276, 118), (432, 118), (589, 118)]
[(276, 119), (432, 119), (589, 119)]
[(276, 120), (432, 120), (589, 120)]
[(276, 121), (432, 121), (590, 121)]
[(275, 122), (432, 122), (590, 122)]
[(275, 123), (432, 123), (590, 123)]
[(275, 124), (432, 124), (591, 124)]
[(274, 125), (432, 125), (591, 125)]
[(274, 126), (432, 126), (591, 126)]
[(274, 127), (433, 127), (591, 127)]
[(273, 128), (433, 128), (592, 128)]
[(273, 129), (433, 129), (592, 129)]
[(273, 130), (433, 130), (592, 130)]
[(272, 131), (433, 131), (593, 131)]
[(272, 132), (433, 132), (593, 132)]
[(272, 133), (433, 133), (593, 133)]
[(271, 134), (433, 134), (594, 134)]
[(271, 135), (433, 135), (594, 135)]
[(271, 136), (433, 136), (594, 136)]
[(270, 137), (433, 137), (594, 137)]
[(270, 138), (433, 138), (595, 138)]
[(270, 139), (433, 139), (595, 139)]
[(269, 140), (433, 140), (595, 140)]
[(269, 141), (433, 141), (596, 141)]
[(269, 142), (433, 142), (596, 142)]
[(268, 143), (433, 143), (596, 143)]
[(268, 144), (433, 144), (597, 144)]
[(268, 145), (433, 145), (597, 145)]
[(267, 146), (433, 146), (597, 146)]
[(267, 147), (433, 147), (597, 147)]
[(267, 148), (433, 148), (598, 148)]
[(266, 149), (433, 149), (598, 149)]
[(266, 150), (433, 150), (598, 150)]
[(266, 151), (433, 151), (599, 151)]
[(265, 152), (433, 152), (599, 152)]
[(265, 153), (433, 153), (599, 153)]
[(265, 154), (433, 154), (600, 154)]
[(264, 155), (433, 155), (600, 155)]
[(264, 156), (433, 156), (600, 156)]
[(264, 157), (433, 157), (601, 157)]
[(263, 158), (433, 158), (601, 158)]
[(263, 159), (433, 159), (601, 159)]
[(263, 160), (433, 160), (601, 160)]
[(262, 161), (433, 161), (602, 161)]
[(262, 162), (433, 162), (602, 162)]
[(262, 163), (433, 163), (602, 163)]
[(261, 164), (433, 164), (603, 164)]
[(261, 165), (433, 165), (603, 165)]
[(261, 166), (433, 166), (603, 166)]
[(260, 167), (433, 167), (604, 167)]
[(260, 168), (433, 168), (604, 168)]
[(260, 169), (433, 169), (604, 169)]
[(260, 170), (433, 170), (604, 170)]
[(259, 171), (433, 171), (605, 171)]
[(259, 172), (433, 172), (605, 172)]
[(259, 173), (433, 173), (605, 173)]
[(258, 174), (433, 174), (606, 174)]
[(258, 175), (433, 175), (606, 175)]
[(258, 176), (433, 176), (606, 176)]
[(257, 177), (433, 177), (607, 177)]
[(257, 178), (433, 178), (607, 178)]
[(257, 179), (433, 179), (607, 179)]
[(256, 180), (433, 180), (607, 180)]
[(256, 181), (433, 181), (608, 181)]
[(256, 182), (433, 182), (608, 182)]
[(255, 183), (433, 183), (608, 183)]
[(255, 184), (433, 184), (609, 184)]
[(255, 185), (433, 185), (609, 185)]
[(254, 186), (433, 186), (609, 186)]
[(254, 187), (433, 187), (610, 187)]
[(254, 188), (433, 188), (610, 188)]
[(253, 189), (433, 189), (610, 189)]
[(253, 190), (433, 190), (611, 190)]
[(253, 191), (433, 191), (611, 191)]
[(252, 192), (433, 192), (611, 192)]
[(252, 193), (433, 193), (611, 193)]
[(252, 194), (433, 194), (612, 194)]
[(251, 195), (433, 195), (612, 195)]
[(251, 196), (433, 196), (612, 196)]
[(251, 197), (433, 197), (613, 197)]
[(250, 198), (433, 198), (613, 198)]
[(250, 199), (433, 199), (613, 199)]
[(250, 200), (433, 200), (614, 200)]
[(249, 201), (433, 201), (614, 201)]
[(249, 202), (433, 202), (614, 202)]
[(249, 203), (433, 203), (614, 203)]
[(248, 204), (433, 204), (615, 204)]
[(248, 205), (433, 205), (615, 205)]
[(248, 206), (433, 206), (615, 206)]
[(247, 207), (433, 207), (616, 207)]
[(247, 208), (433, 208), (616, 208)]
[(247, 209), (433, 209), (616, 209)]
[(246, 210), (433, 210), (617, 210)]
[(246, 211), (434, 211), (617, 211)]
[(246, 212), (434, 212), (617, 212)]
[(245, 213), (434, 213), (617, 213)]
[(245, 214), (434, 214), (618, 214)]
[(245, 215), (434, 215), (618, 215)]
[(244, 216), (434, 216), (618, 216)]
[(244, 217), (434, 217), (619, 217)]
[(244, 218), (434, 218), (619, 218)]
[(244, 219), (434, 219), (619, 219)]
[(243, 220), (434, 220), (620, 220)]
[(243, 221), (434, 221), (620, 221)]
[(243, 222), (434, 222), (620, 222)]
[(242, 223), (434, 223), (620, 223)]
[(242, 224), (434, 224), (621, 224)]
[(242, 225), (434, 225), (621, 225)]
[(241, 226), (434, 226), (621, 226)]
[(241, 227), (434, 227), (622, 227)]
[(241, 228), (434, 228), (622, 228)]
[(240, 229), (434, 229), (622, 229)]
[(240, 230), (434, 230), (623, 230)]
[(240, 231), (434, 231), (623, 231)]
[(239, 232), (434, 232), (623, 232)]
[(239, 233), (434, 233), (624, 233)]
[(239, 234), (434, 234), (624, 234)]
[(238, 235), (434, 235), (624, 235)]
[(238, 236), (434, 236), (624, 236)]
[(238, 237), (434, 237), (625, 237)]
[(237, 238), (434, 238), (625, 238)]
[(237, 239), (434, 239), (625, 239)]
[(237, 240), (434, 240), (626, 240)]
[(236, 241), (434, 241), (626, 241)]
[(236, 242), (434, 242), (626, 242)]
[(236, 243), (434, 243), (627, 243)]
[(235, 244), (434, 244), (627, 244)]
[(235, 245), (434, 245), (627, 245)]
[(235, 246), (434, 246), (627, 246)]
[(234, 247), (434, 247), (628, 247)]
[(234, 248), (434, 248), (628, 248)]
[(234, 249), (434, 249), (628, 249)]
[(233, 250), (434, 250), (629, 250)]
[(233, 251), (434, 251), (629, 251)]
[(233, 252), (434, 252), (629, 252)]
[(232, 253), (434, 253), (630, 253)]
[(232, 254), (434, 254), (630, 254)]
[(232, 255), (434, 255), (630, 255)]
[(231, 256), (434, 256), (630, 256)]
[(231, 257), (434, 257), (631, 257)]
[(231, 258), (434, 258), (631, 258)]
[(230, 259), (434, 259), (631, 259)]
[(230, 260), (434, 260), (632, 260)]
[(230, 261), (434, 261), (632, 261)]
[(229, 262), (434, 262), (632, 262)]
[(229, 263), (434, 263), (633, 263)]
[(229, 264), (434, 264), (633, 264)]
[(229, 265), (434, 265), (633, 265)]
[(228, 266), (434, 266), (634, 266)]
[(228, 267), (434, 267), (634, 267)]
[(228, 268), (434, 268), (634, 268)]
[(227, 269), (434, 269), (634, 269)]
[(227, 270), (434, 270), (635, 270)]
[(227, 271), (434, 271), (635, 271)]
[(226, 272), (434, 272), (635, 272)]
[(226, 273), (434, 273), (636, 273)]
[(226, 274), (434, 274), (636, 274)]
[(225, 275), (434, 275), (636, 275)]
[(225, 276), (434, 276), (637, 276)]
[(225, 277), (434, 277), (637, 277)]
[(224, 278), (434, 278), (637, 278)]
[(224, 279), (434, 279), (637, 279)]
[(224, 280), (434, 280), (638, 280)]
[(223, 281), (434, 281), (638, 281)]
[(223, 282), (434, 282), (638, 282)]
[(223, 283), (434, 283), (639, 283)]
[(222, 284), (434, 284), (639, 284)]
[(222, 285), (434, 285), (639, 285)]
[(222, 286), (434, 286), (640, 286)]
[(221, 287), (434, 287), (640, 287)]
[(221, 288), (434, 288), (640, 288)]
[(221, 289), (434, 289), (640, 289)]
[(220, 290), (434, 290), (641, 290)]
[(220, 291), (434, 291), (641, 291)]
[(220, 292), (434, 292), (641, 292)]
[(219, 293), (434, 293), (642, 293)]
[(219, 294), (434, 294), (642, 294)]
[(219, 295), (435, 295), (642, 295)]
[(218, 296), (435, 296), (643, 296)]
[(218, 297), (435, 297), (643, 297)]
[(218, 298), (435, 298), (643, 298)]
[(217, 299), (435, 299), (643, 299)]
[(217, 300), (435, 300), (644, 300)]
[(217, 301), (435, 301), (644, 301)]
[(216, 302), (435, 302), (644, 302)]
[(216, 303), (435, 303), (645, 303)]
[(216, 304), (435, 304), (645, 304)]
[(215, 305), (435, 305), (645, 305)]
[(215, 306), (435, 306), (646, 306)]
[(215, 307), (435, 307), (646, 307)]
[(214, 308), (435, 308), (646, 308)]
[(214, 309), (435, 309), (647, 309)]
[(214, 310), (435, 310), (647, 310)]
[(213, 311), (435, 311), (647, 311)]
[(213, 312), (435, 312), (647, 312)]
[(213, 313), (435, 313), (648, 313)]
[(213, 314), (435, 314), (648, 314)]
[(212, 315), (435, 315), (648, 315)]
[(212, 316), (435, 316), (649, 316)]
[(212, 317), (435, 317), (649, 317)]
[(211, 318), (435, 318), (649, 318)]
[(211, 319), (435, 319), (650, 319)]
[(211, 320), (435, 320), (650, 320)]
[(210, 321), (435, 321), (650, 321)]
[(210, 322), (435, 322), (650, 322)]
[(210, 323), (435, 323), (651, 323)]
[(209, 324), (435, 324), (651, 324)]
[(209, 325), (435, 325), (651, 325)]
[(209, 326), (435, 326), (652, 326)]
[(208, 327), (435, 327), (652, 327)]
[(208, 328), (435, 328), (652, 328)]
[(208, 329), (435, 329), (653, 329)]
[(207, 330), (435, 330), (653, 330)]
[(207, 331), (435, 331), (653, 331)]
[(207, 332), (435, 332), (653, 332)]
[(206, 333), (435, 333), (654, 333)]
[(206, 334), (435, 334), (654, 334)]
[(206, 335), (435, 335), (654, 335)]
[(205, 336), (435, 336), (655, 336)]
[(205, 337), (435, 337), (655, 337)]
[(205, 338), (435, 338), (655, 338)]
[(204, 339), (435, 339), (656, 339)]
[(204, 340), (435, 340), (656, 340)]
[(204, 341), (435, 341), (656, 341)]
[(203, 342), (435, 342), (657, 342)]
[(203, 343), (435, 343), (657, 343)]
[(203, 344), (435, 344), (657, 344)]
[(202, 345), (435, 345), (657, 345)]
[(202, 346), (435, 346), (658, 346)]
[(202, 347), (435, 347), (658, 347)]
[(201, 348), (435, 348), (658, 348)]
[(201, 349), (435, 349), (659, 349)]
[(201, 350), (435, 350), (659, 350)]
[(200, 351), (435, 351), (659, 351)]
[(200, 352), (435, 352), (660, 352)]
[(200, 353), (435, 353), (660, 353)]
[(199, 354), (435, 354), (660, 354)]
[(199, 355), (435, 355), (660, 355)]
[(199, 356), (435, 356), (661, 356)]
[(198, 357), (435, 357), (661, 357)]
[(198, 358), (435, 358), (661, 358)]
[(198, 359), (435, 359), (662, 359)]
[(197, 360), (435, 360), (662, 360)]
[(197, 361), (435, 361), (662, 361)]
[(197, 362), (435, 362), (663, 362)]
[(197, 363), (435, 363), (663, 363)]
[(196, 364), (435, 364), (663, 364)]
[(196, 365), (435, 365), (663, 365)]
[(196, 366), (435, 366), (664, 366)]
[(195, 367), (435, 367), (664, 367)]
[(195, 368), (435, 368), (664, 368)]
[(195, 369), (435, 369), (665, 369)]
[(194, 370), (435, 370), (665, 370)]
[(194, 371), (435, 371), (665, 371)]
[(194, 372), (435, 372), (666, 372)]
[(193, 373), (435, 373), (666, 373)]
[(193, 374), (435, 374), (666, 374)]
[(193, 375), (435, 375), (667, 375)]
[(192, 376), (435, 376), (667, 376)]
[(192, 377), (435, 377), (667, 377)]
[(192, 378), (435, 378), (667, 378)]
[(191, 379), (435, 379), (668, 379)]
[(191, 380), (436, 380), (668, 380)]
[(191, 381), (436, 381), (668, 381)]
[(190, 382), (436, 382), (669, 382)]
[(190, 383), (436, 383), (669, 383)]
[(190, 384), (436, 384), (669, 384)]
[(189, 385), (436, 385), (670, 385)]
[(189, 386), (436, 386), (670, 386)]
[(189, 387), (436, 387), (670, 387)]
[(188, 388), (436, 388), (670, 388)]
[(188, 389), (436, 389), (671, 389)]
[(188, 390), (436, 390), (671, 390)]
[(187, 391), (436, 391), (671, 391)]
[(187, 392), (436, 392), (672, 392)]
[(187, 393), (436, 393), (672, 393)]
[(186, 394), (436, 394), (672, 394)]
[(186, 395), (436, 395), (673, 395)]
[(186, 396), (436, 396), (673, 396)]
[(185, 397), (436, 397), (673, 397)]
[(185, 398), (436, 398), (673, 398)]
[(185, 399), (436, 399), (674, 399)]
[(184, 400), (436, 400), (674, 400)]
[(184, 401), (436, 401), (674, 401)]
[(184, 402), (436, 402), (675, 402)]
[(183, 403), (436, 403), (675, 403)]
[(183, 404), (436, 404), (675, 404)]
[(183, 405), (436, 405), (676, 405)]
[(182, 406), (436, 406), (676, 406)]
[(182, 407), (436, 407), (676, 407)]
[(182, 408), (436, 408), (676, 408)]
[(181, 409), (436, 409), (677, 409)]
[(181, 410), (436, 410), (677, 410)]
[(181, 411), (436, 411), (677, 411)]
[(181, 412), (436, 412), (678, 412)]
[(180, 413), (436, 413), (678, 413)]
[(180, 414), (436, 414), (678, 414)]
[(180, 415), (436, 415), (679, 415)]
[(179, 416), (436, 416), (679, 416)]
[(179, 417), (436, 417), (679, 417)]
[(179, 418), (436, 418), (680, 418)]
[(178, 419), (436, 419), (680, 419)]
[(178, 420), (436, 420), (680, 420)]
[(178, 421), (436, 421), (680, 421)]
[(177, 422), (436, 422), (681, 422)]
[(177, 423), (436, 423), (681, 423)]
[(177, 424), (436, 424), (681, 424)]
[(176, 425), (436, 425), (682, 425)]
[(176, 426), (436, 426), (682, 426)]
[(176, 427), (436, 427), (682, 427)]
[(175, 428), (436, 428), (683, 428)]
[(175, 429), (436, 429), (683, 429)]
[(175, 430), (436, 430), (683, 430)]
[(174, 431), (436, 431), (683, 431)]
[(174, 432), (436, 432), (684, 432)]
[(174, 433), (436, 433), (684, 433)]
[(173, 434), (436, 434), (684, 434)]
[(173, 435), (436, 435), (685, 435)]
[(173, 436), (436, 436), (685, 436)]
[(172, 437), (436, 437), (685, 437)]
[(172, 438), (436, 438), (686, 438)]
[(172, 439), (436, 439), (686, 439)]
[(171, 440), (436, 440), (686, 440)]
[(171, 441), (436, 441), (686, 441)]
[(171, 442), (436, 442), (687, 442)]
[(170, 443), (436, 443), (687, 443)]
[(170, 444), (436, 444), (687, 444)]
[(170, 445), (436, 445), (688, 445)]
[(169, 446), (436, 446), (688, 446)]
[(169, 447), (436, 447), (688, 447)]
[(169, 448), (436, 448), (689, 448)]
[(168, 449), (436, 449), (689, 449)]
[(168, 450), (436, 450), (689, 450)]
[(168, 451), (436, 451), (690, 451)]
[(167, 452), (436, 452), (690, 452)]
[(167, 453), (436, 453), (690, 453)]
[(167, 454), (436, 454), (690, 454)]
[(166, 455), (436, 455), (691, 455)]
[(166, 456), (436, 456), (691, 456)]
[(166, 457), (436, 457), (691, 457)]
[(166, 458), (436, 458), (692, 458)]
[(165, 459), (436, 459), (692, 459)]
[(165, 460), (436, 460), (692, 460)]
[(165, 461), (436, 461), (693, 461)]
[(164, 462), (436, 462), (693, 462)]
[(164, 463), (436, 463), (693, 463)]
[(164, 464), (437, 464), (693, 464)]
[(163, 465), (437, 465), (694, 465)]
[(163, 466), (437, 466), (694, 466)]
[(163, 467), (437, 467), (694, 467)]
[(162, 468), (437, 468), (695, 468)]
[(162, 469), (437, 469), (695, 469)]
[(162, 470), (437, 470), (695, 470)]
[(161, 471), (437, 471), (696, 471)]
[(161, 472), (437, 472), (696, 472)]
[(161, 473), (437, 473), (696, 473)]
[(160, 474), (437, 474), (696, 474)]
[(160, 475), (437, 475), (697, 475)]
[(160, 476), (437, 476), (697, 476)]
[(159, 477), (437, 477), (697, 477)]
[(159, 478), (437, 478), (698, 478)]
[(159, 479), (437, 479), (698, 479)]
[(158, 480), (437, 480), (698, 480)]
[(158, 481), (437, 481), (699, 481)]
[(158, 482), (437, 482), (699, 482)]
[(157, 483), (437, 483), (699, 483)]
[(157, 484), (437, 484), (699, 484)]
[(157, 485), (437, 485), (700, 485)]
[(156, 486), (437, 486), (700, 486)]
[(156, 487), (437, 487), (700, 487)]
[(156, 488), (437, 488), (701, 488)]
[(155, 489), (437, 489), (701, 489)]
[(155, 490), (437, 490), (701, 490)]
[(155, 491), (437, 491), (702, 491)]
[(154, 492), (437, 492), (702, 492)]
[(154, 493), (437, 493), (702, 493)]
[(154, 494), (437, 494), (703, 494)]
[(153, 495), (437, 495), (703, 495)]
[(153, 496), (437, 496), (703, 496)]
[(153, 497), (437, 497), (703, 497)]
[(152, 498), (437, 498), (704, 498)]
[(152, 499), (437, 499), (704, 499)]
[(152, 500), (437, 500), (704, 500)]
[(151, 501), (437, 501), (705, 501)]
[(151, 502), (437, 502), (705, 502)]
[(151, 503), (437, 503), (705, 503)]
[(150, 504), (437, 504), (706, 504)]
[(150, 505), (437, 505), (706, 505)]
[(150, 506), (437, 506), (706, 506)]
[(150, 507), (437, 507), (706, 507)]
[(149, 508), (437, 508), (707, 508)]
[(149, 509), (437, 509), (707, 509)]
[(149, 510), (437, 510), (707, 510)]
[(148, 511), (437, 511), (708, 511)]
[(148, 512), (437, 512), (708, 512)]
[(148, 513), (437, 513), (708, 513)]
[(147, 514), (437, 514), (709, 514)]
[(147, 515), (437, 515), (709, 515)]
[(147, 516), (437, 516), (709, 516)]
[(146, 517), (437, 517), (709, 517)]
[(146, 518), (437, 518), (710, 518)]
[(146, 519), (437, 519), (710, 519)]
[(145, 520), (437, 520), (710, 520)]
[(145, 521), (437, 521), (711, 521)]
[(145, 522), (437, 522), (711, 522)]
[(144, 523), (437, 523), (711, 523)]
[(144, 524), (437, 524), (712, 524)]
[(144, 525), (437, 525), (712, 525)]
[(143, 526), (437, 526), (712, 526)]
[(143, 527), (437, 527), (713, 527)]
[(143, 528), (437, 528), (713, 528)]
[(142, 529), (437, 529), (713, 529)]
[(142, 530), (437, 530), (713, 530)]
[(142, 531), (437, 531), (714, 531)]
[(141, 532), (437, 532), (714, 532)]
[(141, 533), (437, 533), (714, 533)]
[(141, 534), (437, 534), (715, 534)]
[(140, 535), (437, 535), (715, 535)]
[(140, 536), (437, 536), (715, 536)]
[(140, 537), (437, 537), (716, 537)]
[(139, 538), (437, 538), (716, 538)]
[(139, 539), (437, 539), (716, 539)]
[(139, 540), (437, 540), (716, 540)]
[(138, 541), (437, 541), (717, 541)]
[(138, 542), (437, 542), (717, 542)]
[(138, 543), (437, 543), (717, 543)]
[(137, 544), (437, 544), (718, 544)]
[(137, 545), (437, 545), (718, 545)]
[(137, 546), (437, 546), (718, 546)]
[(136, 547), (437, 547), (719, 547)]
[(136, 548), (438, 548), (719, 548)]
[(136, 549), (438, 549), (719, 549)]
[(135, 550), (438, 550), (719, 550)]
[(135, 551), (438, 551), (720, 551)]
[(135, 552), (438, 552), (720, 552)]
[(134, 553), (438, 553), (720, 553)]
[(134, 554), (438, 554), (721, 554)]
[(134, 555), (438, 555), (721, 555)]
[(134, 556), (438, 556), (721, 556)]
[(133, 557), (438, 557), (722, 557)]
[(133, 558), (438, 558), (722, 558)]
[(133, 559), (438, 559), (722, 559)]
[(132, 560), (438, 560), (722, 560)]
[(132, 561), (438, 561), (723, 561)]
[(132, 562), (438, 562), (723, 562)]
[(131, 563), (438, 563), (723, 563)]
[(131, 564), (438, 564), (724, 564)]
[(131, 565), (438, 565), (724, 565)]
[(130, 566), (438, 566), (724, 566)]
[(130, 567), (438, 567), (725, 567)]
[(130, 568), (438, 568), (725, 568)]
[(129, 569), (438, 569), (725, 569)]
[(129, 570), (438, 570), (726, 570)]
[(129, 571), (438, 571), (726, 571)]
[(128, 572), (438, 572), (726, 572)]
[(128, 573), (438, 573), (726, 573)]
[(128, 574), (438, 574), (727, 574)]
[(127, 575), (438, 575), (727, 575)]
[(127, 576), (438, 576), (727, 576)]
[(127, 577), (438, 577), (728, 577)]
[(126, 578), (438, 578), (728, 578)]
[(126, 579), (438, 579), (728, 579)]
[(126, 580), (438, 580), (729, 580)]
[(125, 581), (438, 581), (729, 581)]
[(125, 582), (438, 582), (729, 582)]
[(125, 583), (438, 583), (729, 583)]
[(124, 584), (438, 584), (730, 584)]
[(124, 585), (438, 585), (730, 585)]
[(124, 586), (438, 586), (730, 586)]
[(123, 587), (438, 587), (731, 587)]
[(123, 588), (438, 588), (731, 588)]
[(123, 589), (438, 589), (731, 589)]
[(122, 590), (438, 590), (732, 590)]
[(122, 591), (438, 591), (732, 591)]
[(122, 592), (438, 592), (732, 592)]
[(121, 593), (438, 593), (732, 593)]
[(121, 594), (438, 594), (733, 594)]
[(121, 595), (438, 595), (733, 595)]
[(120, 596), (438, 596), (733, 596)]
[(120, 597), (438, 597), (734, 597)]
[(120, 598), (438, 598), (734, 598)]
[(119, 599), (438, 599), (734, 599)]
[(119, 600), (438, 600), (735, 600)]
[(119, 601), (438, 601), (735, 601)]
[(119, 602), (438, 602), (735, 602)]
[(118, 603), (438, 603), (736, 603)]
[(118, 604), (438, 604), (736, 604)]
[(118, 605), (438, 605), (736, 605)]
[(117, 606), (438, 606), (736, 606)]
[(117, 607), (438, 607), (737, 607)]
[(117, 608), (438, 608), (737, 608)]
[(116, 609), (438, 609), (737, 609)]
[(116, 610), (438, 610), (738, 610)]
[(116, 611), (438, 611), (738, 611)]
[(115, 612), (438, 612), (738, 612)]
[(115, 613), (438, 613), (739, 613)]
[(115, 614), (438, 614), (739, 614)]
[(114, 615), (438, 615), (739, 615)]
[(114, 616), (438, 616), (739, 616)]
[(114, 617), (438, 617), (740, 617)]
[(113, 618), (438, 618), (740, 618)]
[(113, 619), (438, 619), (740, 619)]
[(113, 620), (438, 620), (741, 620)]
[(112, 621), (438, 621), (741, 621)]
[(112, 622), (438, 622), (741, 622)]
[(112, 623), (438, 623), (742, 623)]
[(111, 624), (438, 624), (742, 624)]
[(111, 625), (438, 625), (742, 625)]
[(111, 626), (438, 626), (742, 626)]
[(110, 627), (438, 627), (743, 627)]
[(110, 628), (438, 628), (743, 628)]
[(110, 629), (438, 629), (743, 629)]
[(109, 630), (438, 630), (744, 630)]
[(109, 631), (438, 631), (744, 631)]
[(109, 632), (439, 632), (744, 632)]
[(108, 633), (439, 633), (745, 633)]
[(108, 634), (439, 634), (745, 634)]
[(108, 635), (439, 635), (745, 635)]
[(107, 636), (439, 636), (745, 636)]
[(107, 637), (439, 637), (746, 637)]
[(107, 638), (439, 638), (746, 638)]
[(106, 639), (439, 639), (746, 639)]
[(106, 640), (439, 640), (747, 640)]
[(106, 641), (439, 641), (747, 641)]
[(105, 642), (439, 642), (747, 642)]
[(105, 643), (439, 643), (748, 643)]
[(105, 644), (439, 644), (748, 644)]
[(104, 645), (439, 645), (748, 645)]
[(104, 646), (439, 646), (749, 646)]
[(104, 647), (439, 647), (749, 647)]
[(103, 648), (439, 648), (749, 648)]
[(103, 649), (439, 649), (749, 649)]
[(103, 650), (439, 650), (750, 650)]
[(103, 651), (439, 651), (750, 651)]
[(102, 652), (439, 652), (750, 652)]
[(102, 653), (439, 653), (751, 653)]
[(102, 654), (439, 654), (751, 654)]
[(101, 655), (439, 655), (751, 655)]
[(101, 656), (439, 656), (752, 656)]
[(101, 657), (439, 657), (752, 657)]
[(100, 658), (439, 658), (752, 658)]
[(100, 659), (439, 659), (752, 659)]
[(100, 660), (439, 660), (753, 660)]
[(99, 661), (439, 661), (753, 661)]
[(99, 662), (439, 662), (753, 662)]
[(99, 663), (439, 663), (754, 663)]
[(98, 664), (439, 664), (754, 664)]
[(98, 665), (439, 665), (754, 665)]
[(98, 666), (439, 666), (755, 666)]
[(97, 667), (439, 667), (755, 667)]
[(97, 668), (439, 668), (755, 668)]
[(97, 669), (439, 669), (755, 669)]
[(96, 670), (439, 670), (756, 670)]
[(96, 671), (439, 671), (756, 671)]
[(96, 672), (439, 672), (756, 672)]
[(95, 673), (439, 673), (757, 673)]
[(95, 674), (439, 674), (757, 674)]
