[(160, 0), (369, 0), (562, 0), (732, 0)]
[(161, 1), (369, 1), (561, 1), (730, 1), (731, 1)]
[(162, 2), (369, 2), (560, 2), (728, 2), (729, 2)]
[(163, 3), (369, 3), (559, 3), (727, 3)]
[(164, 4), (369, 4), (558, 4), (725, 4), (726, 4)]
[(165, 5), (369, 5), (558, 5), (723, 5), (724, 5)]
[(166, 6), (369, 6), (557, 6), (722, 6)]
[(167, 7), (369, 7), (556, 7), (720, 7), (721, 7)]
[(168, 8), (369, 8), (555, 8), (718, 8), (719, 8)]
[(169, 9), (369, 9), (554, 9), (717, 9)]
[(170, 10), (369, 10), (553, 10), (715, 10), (716, 10)]
[(171, 11), (369, 11), (552, 11), (713, 11), (714, 11)]
[(172, 12), (369, 12), (551, 12), (712, 12)]
[(173, 13), (369, 13), (551, 13), (710, 13), (711, 13)]
[(174, 14), (369, 14), (550, 14), (708, 14), (709, 14)]
[(175, 15), (369, 15), (549, 15), (707, 15)]
[(176, 16), (369, 16), (548, 16), (705, 16), (706, 16)]
[(176, 17), (369, 17), (547, 17), (703, 17), (704, 17)]
[(177, 18), (369, 18), (546, 18), (702, 18)]
[(178, 19), (369, 19), (545, 19), (700, 19), (701, 19)]
[(179, 20), (369, 20), (544, 20), (698, 20), (699, 20)]
[(180, 21), (369, 21), (543, 21), (697, 21)]
[(181, 22), (369, 22), (543, 22), (695, 22), (696, 22)]
[(182, 23), (369, 23), (542, 23), (693, 23), (694, 23)]
[(183, 24), (369, 24), (541, 24), (692, 24)]
[(184, 25), (369, 25), (540, 25), (690, 25), (691, 25)]
[(185, 26), (369, 26), (539, 26), (688, 26), (689, 26)]
[(186, 27), (369, 27), (538, 27), (687, 27)]
[(0, 28), (187, 28), (369, 28), (537, 28), (685, 28), (686, 28)]
[(1, 29), (2, 29), (188, 29), (369, 29), (536, 29), (683, 29), (684, 29)]
[(3, 30), (4, 30), (189, 30), (369, 30), (536, 30), (682, 30)]
[(5, 31), (6, 31), (190, 31), (369, 31), (535, 31), (680, 31), (681, 31)]
[(7, 32), (8, 32), (191, 32), (369, 32), (534, 32), (678, 32), (679, 32)]
[(9, 33), (10, 33), (192, 33), (369, 33), (533, 33), (677, 33)]
[(11, 34), (12, 34), (193, 34), (369, 34), (532, 34), (675, 34), (676, 34)]
[(13, 35), (14, 35), (194, 35), (369, 35), (531, 35), (673, 35), (674, 35)]
[(15, 36), (16, 36), (195, 36), (369, 36), (530, 36), (672, 36)]
[(17, 37), (18, 37), (196, 37), (369, 37), (529, 37), (670, 37), (671, 37)]
[(19, 38), (20, 38), (197, 38), (369, 38), (529, 38), (668, 38), (669, 38)]
[(21, 39), (22, 39), (198, 39), (369, 39), (528, 39), (667, 39)]
[(23, 40), (24, 40), (199, 40), (369, 40), (527, 40), (665, 40), (666, 40)]
[(25, 41), (26, 41), (200, 41), (369, 41), (526, 41), (663, 41), (664, 41)]
[(27, 42), (28, 42), (201, 42), (369, 42), (525, 42), (662, 42)]
[(29, 43), (30, 43), (202, 43), (370, 43), (524, 43), (660, 43), (661, 43)]
[(31, 44), (32, 44), (203, 44), (370, 44), (523, 44), (658, 44), (659, 44)]
[(33, 45), (34, 45), (204, 45), (370, 45), (522, 45), (657, 45)]
[(35, 46), (36, 46), (205, 46), (370, 46), (521, 46), (655, 46), (656, 46)]
[(37, 47), (38, 47), (206, 47), (370, 47), (521, 47), (653, 47), (654, 47)]
[(39, 48), (40, 48), (207, 48), (370, 48), (520, 48), (652, 48)]
[(41, 49), (42, 49), (208, 49), (370, 49), (519, 49), (650, 49), (651, 49)]
[(43, 50), (44, 50), (209, 50), (370, 50), (518, 50), (648, 50), (649, 50)]
[(45, 51), (46, 51), (209, 51), (370, 51), (517, 51), (647, 51)]
[(47, 52), (48, 52), (210, 52), (370, 52), (516, 52), (645, 52), (646, 52)]
[(49, 53), (50, 53), (211, 53), (370, 53), (515, 53), (643, 53), (644, 53)]
[(51, 54), (52, 54), (212, 54), (370, 54), (514, 54), (642, 54)]
[(53, 55), (54, 55), (213, 55), (370, 55), (514, 55), (640, 55), (641, 55)]
[(55, 56), (214, 56), (370, 56), (513, 56), (639, 56)]
[(56, 57), (57, 57), (215, 57), (370, 57), (512, 57), (637, 57), (638, 57)]
[(58, 58), (59, 58), (216, 58), (370, 58), (511, 58), (635, 58), (636, 58)]
[(60, 59), (61, 59), (217, 59), (370, 59), (510, 59), (634, 59)]
[(62, 60), (63, 60), (218, 60), (370, 60), (509, 60), (632, 60), (633, 60)]
[(64, 61), (65, 61), (219, 61), (370, 61), (508, 61), (630, 61), (631, 61)]
[(66, 62), (67, 62), (220, 62), (370, 62), (507, 62), (629, 62)]
[(68, 63), (69, 63), (221, 63), (370, 63), (506, 63), (627, 63), (628, 63)]
[(70, 64), (71, 64), (222, 64), (370, 64), (506, 64), (625, 64), (626, 64)]
[(72, 65), (73, 65), (223, 65), (370, 65), (505, 65), (624, 65)]
[(74, 66), (75, 66), (224, 66), (370, 66), (504, 66), (622, 66), (623, 66)]
[(76, 67), (77, 67), (225, 67), (370, 67), (503, 67), (620, 67), (621, 67)]
[(78, 68), (79, 68), (226, 68), (370, 68), (502, 68), (619, 68)]
[(80, 69), (81, 69), (227, 69), (370, 69), (501, 69), (617, 69), (618, 69)]
[(82, 70), (83, 70), (228, 70), (370, 70), (500, 70), (615, 70), (616, 70)]
[(84, 71), (85, 71), (229, 71), (370, 71), (499, 71), (614, 71)]
[(86, 72), (87, 72), (230, 72), (370, 72), (499, 72), (612, 72), (613, 72)]
[(88, 73), (89, 73), (231, 73), (370, 73), (498, 73), (610, 73), (611, 73)]
[(90, 74), (91, 74), (232, 74), (370, 74), (497, 74), (609, 74)]
[(92, 75), (93, 75), (233, 75), (370, 75), (496, 75), (607, 75), (608, 75)]
[(94, 76), (95, 76), (234, 76), (370, 76), (495, 76), (605, 76), (606, 76)]
[(96, 77), (97, 77), (235, 77), (370, 77), (494, 77), (604, 77)]
[(98, 78), (99, 78), (236, 78), (370, 78), (493, 78), (602, 78), (603, 78)]
[(100, 79), (101, 79), (237, 79), (370, 79), (492, 79), (600, 79), (601, 79)]
[(102, 80), (103, 80), (238, 80), (370, 80), (492, 80), (599, 80)]
[(104, 81), (105, 81), (239, 81), (370, 81), (491, 81), (597, 81), (598, 81)]
[(106, 82), (107, 82), (240, 82), (370, 82), (490, 82), (595, 82), (596, 82)]
[(108, 83), (109, 83), (241, 83), (370, 83), (489, 83), (594, 83)]
[(110, 84), (242, 84), (370, 84), (488, 84), (592, 84), (593, 84)]
[(111, 85), (112, 85), (242, 85), (370, 85), (487, 85), (590, 85), (591, 85)]
[(113, 86), (114, 86), (243, 86), (370, 86), (486, 86), (589, 86)]
[(115, 87), (116, 87), (244, 87), (370, 87), (485, 87), (587, 87), (588, 87)]
[(117, 88), (118, 88), (245, 88), (370, 88), (484, 88), (585, 88), (586, 88), (859, 88), (860, 88)]
[(119, 89), (120, 89), (246, 89), (370, 89), (484, 89), (584, 89), (855, 89), (856, 89), (857, 89), (858, 89)]
[(121, 90), (122, 90), (247, 90), (370, 90), (483, 90), (582, 90), (583, 90), (851, 90), (852, 90), (853, 90), (854, 90)]
[(123, 91), (124, 91), (248, 91), (370, 91), (482, 91), (580, 91), (581, 91), (847, 91), (848, 91), (849, 91), (850, 91)]
[(125, 92), (126, 92), (249, 92), (370, 92), (481, 92), (579, 92), (843, 92), (844, 92), (845, 92), (846, 92)]
[(127, 93), (128, 93), (250, 93), (370, 93), (480, 93), (577, 93), (578, 93), (840, 93), (841, 93), (842, 93)]
[(129, 94), (130, 94), (251, 94), (370, 94), (479, 94), (575, 94), (576, 94), (836, 94), (837, 94), (838, 94), (839, 94)]
[(131, 95), (132, 95), (252, 95), (370, 95), (478, 95), (574, 95), (832, 95), (833, 95), (834, 95), (835, 95)]
[(133, 96), (134, 96), (253, 96), (370, 96), (477, 96), (572, 96), (573, 96), (828, 96), (829, 96), (830, 96), (831, 96)]
[(135, 97), (136, 97), (254, 97), (370, 97), (477, 97), (570, 97), (571, 97), (825, 97), (826, 97), (827, 97)]
[(137, 98), (138, 98), (255, 98), (370, 98), (476, 98), (569, 98), (821, 98), (822, 98), (823, 98), (824, 98)]
[(139, 99), (140, 99), (256, 99), (370, 99), (475, 99), (567, 99), (568, 99), (817, 99), (818, 99), (819, 99), (820, 99)]
[(141, 100), (142, 100), (257, 100), (370, 100), (474, 100), (565, 100), (566, 100), (813, 100), (814, 100), (815, 100), (816, 100)]
[(143, 101), (144, 101), (258, 101), (370, 101), (473, 101), (564, 101), (809, 101), (810, 101), (811, 101), (812, 101)]
[(145, 102), (146, 102), (259, 102), (370, 102), (472, 102), (562, 102), (563, 102), (806, 102), (807, 102), (808, 102)]
[(147, 103), (148, 103), (260, 103), (370, 103), (471, 103), (560, 103), (561, 103), (802, 103), (803, 103), (804, 103), (805, 103)]
[(149, 104), (150, 104), (261, 104), (370, 104), (470, 104), (559, 104), (798, 104), (799, 104), (800, 104), (801, 104)]
[(151, 105), (152, 105), (262, 105), (370, 105), (469, 105), (557, 105), (558, 105), (794, 105), (795, 105), (796, 105), (797, 105)]
[(153, 106), (154, 106), (263, 106), (370, 106), (469, 106), (555, 106), (556, 106), (790, 106), (791, 106), (792, 106), (793, 106)]
[(155, 107), (156, 107), (264, 107), (370, 107), (468, 107), (554, 107), (787, 107), (788, 107), (789, 107)]
[(157, 108), (158, 108), (265, 108), (370, 108), (467, 108), (552, 108), (553, 108), (783, 108), (784, 108), (785, 108), (786, 108)]
[(159, 109), (160, 109), (266, 109), (370, 109), (466, 109), (550, 109), (551, 109), (779, 109), (780, 109), (781, 109), (782, 109)]
[(161, 110), (162, 110), (267, 110), (370, 110), (465, 110), (549, 110), (775, 110), (776, 110), (777, 110), (778, 110)]
[(163, 111), (164, 111), (268, 111), (370, 111), (464, 111), (547, 111), (548, 111), (771, 111), (772, 111), (773, 111), (774, 111)]
[(165, 112), (166, 112), (269, 112), (370, 112), (463, 112), (545, 112), (546, 112), (768, 112), (769, 112), (770, 112)]
[(167, 113), (270, 113), (370, 113), (462, 113), (544, 113), (764, 113), (765, 113), (766, 113), (767, 113)]
[(168, 114), (169, 114), (271, 114), (370, 114), (462, 114), (542, 114), (543, 114), (760, 114), (761, 114), (762, 114), (763, 114)]
[(170, 115), (171, 115), (272, 115), (370, 115), (461, 115), (540, 115), (541, 115), (756, 115), (757, 115), (758, 115), (759, 115)]
[(172, 116), (173, 116), (273, 116), (370, 116), (460, 116), (539, 116), (753, 116), (754, 116), (755, 116)]
[(174, 117), (175, 117), (274, 117), (370, 117), (459, 117), (537, 117), (538, 117), (749, 117), (750, 117), (751, 117), (752, 117)]
[(176, 118), (177, 118), (274, 118), (370, 118), (458, 118), (535, 118), (536, 118), (745, 118), (746, 118), (747, 118), (748, 118)]
[(178, 119), (179, 119), (275, 119), (370, 119), (457, 119), (534, 119), (741, 119), (742, 119), (743, 119), (744, 119)]
[(180, 120), (181, 120), (276, 120), (370, 120), (456, 120), (532, 120), (533, 120), (737, 120), (738, 120), (739, 120), (740, 120)]
[(182, 121), (183, 121), (277, 121), (370, 121), (455, 121), (530, 121), (531, 121), (734, 121), (735, 121), (736, 121)]
[(184, 122), (185, 122), (278, 122), (370, 122), (454, 122), (529, 122), (730, 122), (731, 122), (732, 122), (733, 122)]
[(186, 123), (187, 123), (279, 123), (370, 123), (454, 123), (527, 123), (528, 123), (726, 123), (727, 123), (728, 123), (729, 123)]
[(188, 124), (189, 124), (280, 124), (370, 124), (453, 124), (525, 124), (526, 124), (722, 124), (723, 124), (724, 124), (725, 124)]
[(190, 125), (191, 125), (281, 125), (370, 125), (452, 125), (524, 125), (718, 125), (719, 125), (720, 125), (721, 125)]
[(192, 126), (193, 126), (282, 126), (370, 126), (451, 126), (522, 126), (523, 126), (715, 126), (716, 126), (717, 126)]
[(194, 127), (195, 127), (283, 127), (371, 127), (450, 127), (520, 127), (521, 127), (711, 127), (712, 127), (713, 127), (714, 127)]
[(196, 128), (197, 128), (284, 128), (371, 128), (449, 128), (519, 128), (707, 128), (708, 128), (709, 128), (710, 128)]
[(198, 129), (199, 129), (285, 129), (371, 129), (448, 129), (517, 129), (518, 129), (703, 129), (704, 129), (705, 129), (706, 129)]
[(200, 130), (201, 130), (286, 130), (371, 130), (447, 130), (515, 130), (516, 130), (699, 130), (700, 130), (701, 130), (702, 130)]
[(202, 131), (203, 131), (287, 131), (371, 131), (447, 131), (514, 131), (696, 131), (697, 131), (698, 131)]
[(204, 132), (205, 132), (288, 132), (371, 132), (446, 132), (512, 132), (513, 132), (692, 132), (693, 132), (694, 132), (695, 132)]
[(206, 133), (207, 133), (289, 133), (371, 133), (445, 133), (510, 133), (511, 133), (688, 133), (689, 133), (690, 133), (691, 133)]
[(208, 134), (209, 134), (290, 134), (371, 134), (444, 134), (509, 134), (684, 134), (685, 134), (686, 134), (687, 134)]
[(210, 135), (211, 135), (291, 135), (371, 135), (443, 135), (507, 135), (508, 135), (681, 135), (682, 135), (683, 135)]
[(212, 136), (213, 136), (292, 136), (371, 136), (442, 136), (505, 136), (506, 136), (677, 136), (678, 136), (679, 136), (680, 136)]
[(214, 137), (215, 137), (293, 137), (371, 137), (441, 137), (504, 137), (673, 137), (674, 137), (675, 137), (676, 137)]
[(216, 138), (217, 138), (294, 138), (371, 138), (440, 138), (502, 138), (503, 138), (669, 138), (670, 138), (671, 138), (672, 138)]
[(218, 139), (219, 139), (295, 139), (371, 139), (440, 139), (500, 139), (501, 139), (665, 139), (666, 139), (667, 139), (668, 139)]
[(220, 140), (221, 140), (296, 140), (371, 140), (439, 140), (499, 140), (662, 140), (663, 140), (664, 140)]
[(222, 141), (297, 141), (371, 141), (438, 141), (497, 141), (498, 141), (658, 141), (659, 141), (660, 141), (661, 141)]
[(223, 142), (224, 142), (298, 142), (371, 142), (437, 142), (495, 142), (496, 142), (654, 142), (655, 142), (656, 142), (657, 142)]
[(225, 143), (226, 143), (299, 143), (371, 143), (436, 143), (494, 143), (650, 143), (651, 143), (652, 143), (653, 143)]
[(227, 144), (228, 144), (300, 144), (371, 144), (435, 144), (492, 144), (493, 144), (646, 144), (647, 144), (648, 144), (649, 144)]
[(229, 145), (230, 145), (301, 145), (371, 145), (434, 145), (490, 145), (491, 145), (643, 145), (644, 145), (645, 145)]
[(231, 146), (232, 146), (302, 146), (371, 146), (433, 146), (489, 146), (639, 146), (640, 146), (641, 146), (642, 146)]
[(233, 147), (234, 147), (303, 147), (371, 147), (432, 147), (487, 147), (488, 147), (635, 147), (636, 147), (637, 147), (638, 147)]
[(235, 148), (236, 148), (304, 148), (371, 148), (432, 148), (485, 148), (486, 148), (631, 148), (632, 148), (633, 148), (634, 148)]
[(237, 149), (238, 149), (305, 149), (371, 149), (431, 149), (484, 149), (628, 149), (629, 149), (630, 149)]
[(239, 150), (240, 150), (306, 150), (371, 150), (430, 150), (482, 150), (483, 150), (624, 150), (625, 150), (626, 150), (627, 150)]
[(241, 151), (242, 151), (307, 151), (371, 151), (429, 151), (480, 151), (481, 151), (620, 151), (621, 151), (622, 151), (623, 151)]
[(243, 152), (244, 152), (307, 152), (371, 152), (428, 152), (479, 152), (616, 152), (617, 152), (618, 152), (619, 152)]
[(245, 153), (246, 153), (308, 153), (371, 153), (427, 153), (477, 153), (478, 153), (612, 153), (613, 153), (614, 153), (615, 153)]
[(247, 154), (248, 154), (309, 154), (371, 154), (426, 154), (475, 154), (476, 154), (609, 154), (610, 154), (611, 154)]
[(249, 155), (250, 155), (310, 155), (371, 155), (425, 155), (474, 155), (605, 155), (606, 155), (607, 155), (608, 155)]
[(251, 156), (252, 156), (311, 156), (371, 156), (425, 156), (472, 156), (473, 156), (601, 156), (602, 156), (603, 156), (604, 156)]
[(253, 157), (254, 157), (312, 157), (371, 157), (424, 157), (470, 157), (471, 157), (597, 157), (598, 157), (599, 157), (600, 157)]
[(255, 158), (256, 158), (313, 158), (371, 158), (423, 158), (469, 158), (593, 158), (594, 158), (595, 158), (596, 158)]
[(257, 159), (258, 159), (314, 159), (371, 159), (422, 159), (467, 159), (468, 159), (590, 159), (591, 159), (592, 159)]
[(259, 160), (260, 160), (315, 160), (371, 160), (421, 160), (465, 160), (466, 160), (586, 160), (587, 160), (588, 160), (589, 160)]
[(261, 161), (262, 161), (316, 161), (371, 161), (420, 161), (464, 161), (582, 161), (583, 161), (584, 161), (585, 161)]
[(263, 162), (264, 162), (317, 162), (371, 162), (419, 162), (462, 162), (463, 162), (578, 162), (579, 162), (580, 162), (581, 162)]
[(265, 163), (266, 163), (318, 163), (371, 163), (418, 163), (460, 163), (461, 163), (574, 163), (575, 163), (576, 163), (577, 163)]
[(267, 164), (268, 164), (319, 164), (371, 164), (417, 164), (459, 164), (571, 164), (572, 164), (573, 164)]
[(269, 165), (270, 165), (320, 165), (371, 165), (417, 165), (457, 165), (458, 165), (567, 165), (568, 165), (569, 165), (570, 165)]
[(271, 166), (272, 166), (321, 166), (371, 166), (416, 166), (456, 166), (563, 166), (564, 166), (565, 166), (566, 166)]
[(273, 167), (274, 167), (322, 167), (371, 167), (415, 167), (454, 167), (455, 167), (559, 167), (560, 167), (561, 167), (562, 167)]
[(275, 168), (276, 168), (323, 168), (371, 168), (414, 168), (452, 168), (453, 168), (556, 168), (557, 168), (558, 168)]
[(277, 169), (324, 169), (371, 169), (413, 169), (451, 169), (552, 169), (553, 169), (554, 169), (555, 169)]
[(278, 170), (279, 170), (325, 170), (371, 170), (412, 170), (449, 170), (450, 170), (548, 170), (549, 170), (550, 170), (551, 170)]
[(280, 171), (281, 171), (326, 171), (371, 171), (411, 171), (447, 171), (448, 171), (544, 171), (545, 171), (546, 171), (547, 171)]
[(282, 172), (283, 172), (327, 172), (371, 172), (410, 172), (446, 172), (540, 172), (541, 172), (542, 172), (543, 172)]
[(284, 173), (285, 173), (328, 173), (371, 173), (410, 173), (444, 173), (445, 173), (537, 173), (538, 173), (539, 173)]
[(286, 174), (287, 174), (329, 174), (371, 174), (409, 174), (442, 174), (443, 174), (533, 174), (534, 174), (535, 174), (536, 174)]
[(288, 175), (289, 175), (330, 175), (371, 175), (408, 175), (441, 175), (529, 175), (530, 175), (531, 175), (532, 175)]
[(290, 176), (291, 176), (331, 176), (371, 176), (407, 176), (439, 176), (440, 176), (525, 176), (526, 176), (527, 176), (528, 176)]
[(292, 177), (293, 177), (332, 177), (371, 177), (406, 177), (437, 177), (438, 177), (521, 177), (522, 177), (523, 177), (524, 177)]
[(294, 178), (295, 178), (333, 178), (371, 178), (405, 178), (436, 178), (518, 178), (519, 178), (520, 178)]
[(296, 179), (297, 179), (334, 179), (371, 179), (404, 179), (434, 179), (435, 179), (514, 179), (515, 179), (516, 179), (517, 179)]
[(298, 180), (299, 180), (335, 180), (371, 180), (403, 180), (432, 180), (433, 180), (510, 180), (511, 180), (512, 180), (513, 180)]
[(300, 181), (301, 181), (336, 181), (371, 181), (403, 181), (431, 181), (506, 181), (507, 181), (508, 181), (509, 181)]
[(302, 182), (303, 182), (337, 182), (371, 182), (402, 182), (429, 182), (430, 182), (502, 182), (503, 182), (504, 182), (505, 182)]
[(304, 183), (305, 183), (338, 183), (371, 183), (401, 183), (427, 183), (428, 183), (499, 183), (500, 183), (501, 183)]
[(306, 184), (307, 184), (339, 184), (371, 184), (400, 184), (426, 184), (495, 184), (496, 184), (497, 184), (498, 184)]
[(308, 185), (309, 185), (340, 185), (371, 185), (399, 185), (424, 185), (425, 185), (491, 185), (492, 185), (493, 185), (494, 185)]
[(310, 186), (311, 186), (340, 186), (371, 186), (398, 186), (422, 186), (423, 186), (487, 186), (488, 186), (489, 186), (490, 186)]
[(312, 187), (313, 187), (341, 187), (371, 187), (397, 187), (421, 187), (484, 187), (485, 187), (486, 187)]
[(314, 188), (315, 188), (342, 188), (371, 188), (396, 188), (419, 188), (420, 188), (480, 188), (481, 188), (482, 188), (483, 188)]
[(316, 189), (317, 189), (343, 189), (371, 189), (395, 189), (417, 189), (418, 189), (476, 189), (477, 189), (478, 189), (479, 189)]
[(318, 190), (319, 190), (344, 190), (371, 190), (395, 190), (416, 190), (472, 190), (473, 190), (474, 190), (475, 190)]
[(320, 191), (321, 191), (345, 191), (371, 191), (394, 191), (414, 191), (415, 191), (468, 191), (469, 191), (470, 191), (471, 191)]
[(322, 192), (323, 192), (346, 192), (371, 192), (393, 192), (412, 192), (413, 192), (465, 192), (466, 192), (467, 192)]
[(324, 193), (325, 193), (347, 193), (371, 193), (392, 193), (411, 193), (461, 193), (462, 193), (463, 193), (464, 193)]
[(326, 194), (327, 194), (348, 194), (371, 194), (391, 194), (409, 194), (410, 194), (457, 194), (458, 194), (459, 194), (460, 194)]
[(328, 195), (329, 195), (349, 195), (371, 195), (390, 195), (407, 195), (408, 195), (453, 195), (454, 195), (455, 195), (456, 195)]
[(330, 196), (331, 196), (350, 196), (371, 196), (389, 196), (406, 196), (449, 196), (450, 196), (451, 196), (452, 196)]
[(332, 197), (351, 197), (371, 197), (388, 197), (404, 197), (405, 197), (446, 197), (447, 197), (448, 197)]
[(333, 198), (334, 198), (352, 198), (371, 198), (388, 198), (402, 198), (403, 198), (442, 198), (443, 198), (444, 198), (445, 198)]
[(335, 199), (336, 199), (353, 199), (371, 199), (387, 199), (401, 199), (438, 199), (439, 199), (440, 199), (441, 199)]
[(337, 200), (338, 200), (354, 200), (371, 200), (386, 200), (399, 200), (400, 200), (434, 200), (435, 200), (436, 200), (437, 200)]
[(339, 201), (340, 201), (355, 201), (371, 201), (385, 201), (397, 201), (398, 201), (431, 201), (432, 201), (433, 201)]
[(341, 202), (342, 202), (356, 202), (371, 202), (384, 202), (396, 202), (427, 202), (428, 202), (429, 202), (430, 202)]
[(343, 203), (344, 203), (357, 203), (371, 203), (383, 203), (394, 203), (395, 203), (423, 203), (424, 203), (425, 203), (426, 203)]
[(345, 204), (346, 204), (358, 204), (371, 204), (382, 204), (392, 204), (393, 204), (419, 204), (420, 204), (421, 204), (422, 204)]
[(347, 205), (348, 205), (359, 205), (371, 205), (381, 205), (391, 205), (415, 205), (416, 205), (417, 205), (418, 205)]
[(349, 206), (350, 206), (360, 206), (371, 206), (380, 206), (389, 206), (390, 206), (412, 206), (413, 206), (414, 206)]
[(351, 207), (352, 207), (361, 207), (371, 207), (380, 207), (387, 207), (388, 207), (408, 207), (409, 207), (410, 207), (411, 207)]
[(353, 208), (354, 208), (362, 208), (371, 208), (379, 208), (386, 208), (404, 208), (405, 208), (406, 208), (407, 208)]
[(355, 209), (356, 209), (363, 209), (371, 209), (378, 209), (384, 209), (385, 209), (400, 209), (401, 209), (402, 209), (403, 209)]
[(357, 210), (358, 210), (364, 210), (371, 210), (377, 210), (382, 210), (383, 210), (396, 210), (397, 210), (398, 210), (399, 210)]
[(359, 211), (360, 211), (365, 211), (372, 211), (376, 211), (381, 211), (393, 211), (394, 211), (395, 211)]
[(361, 212), (362, 212), (366, 212), (372, 212), (375, 212), (379, 212), (380, 212), (389, 212), (390, 212), (391, 212), (392, 212)]
[(363, 213), (364, 213), (367, 213), (372, 213), (374, 213), (377, 213), (378, 213), (385, 213), (386, 213), (387, 213), (388, 213)]
[(365, 214), (366, 214), (368, 214), (372, 214), (373, 214), (376, 214), (381, 214), (382, 214), (383, 214), (384, 214)]
[(367, 215), (368, 215), (369, 215), (372, 215), (373, 215), (374, 215), (375, 215), (377, 215), (378, 215), (379, 215), (380, 215)]
[(369, 216), (370, 216), (372, 216), (373, 216), (374, 216), (375, 216), (376, 216)]
[(370, 217), (371, 217), (372, 217), (373, 217)]
[(366, 218), (367, 218), (368, 218), (369, 218), (370, 218), (372, 218), (373, 218), (374, 218)]
[(362, 219), (363, 219), (364, 219), (365, 219), (367, 219), (368, 219), (369, 219), (372, 219), (375, 219), (376, 219)]
[(359, 220), (360, 220), (361, 220), (366, 220), (368, 220), (372, 220), (373, 220), (377, 220), (378, 220)]
[(355, 221), (356, 221), (357, 221), (358, 221), (364, 221), (365, 221), (367, 221), (372, 221), (374, 221), (379, 221), (380, 221)]
[(351, 222), (352, 222), (353, 222), (354, 222), (362, 222), (363, 222), (366, 222), (372, 222), (375, 222), (381, 222), (382, 222)]
[(347, 223), (348, 223), (349, 223), (350, 223), (361, 223), (365, 223), (372, 223), (376, 223), (383, 223), (384, 223)]
[(343, 224), (344, 224), (345, 224), (346, 224), (359, 224), (360, 224), (365, 224), (372, 224), (377, 224), (385, 224), (386, 224)]
[(340, 225), (341, 225), (342, 225), (357, 225), (358, 225), (364, 225), (372, 225), (378, 225), (387, 225)]
[(336, 226), (337, 226), (338, 226), (339, 226), (356, 226), (363, 226), (372, 226), (379, 226), (388, 226), (389, 226)]
[(332, 227), (333, 227), (334, 227), (335, 227), (354, 227), (355, 227), (362, 227), (372, 227), (380, 227), (390, 227), (391, 227)]
[(328, 228), (329, 228), (330, 228), (331, 228), (352, 228), (353, 228), (361, 228), (372, 228), (381, 228), (392, 228), (393, 228)]
[(324, 229), (325, 229), (326, 229), (327, 229), (351, 229), (360, 229), (372, 229), (382, 229), (394, 229), (395, 229)]
[(321, 230), (322, 230), (323, 230), (349, 230), (350, 230), (359, 230), (372, 230), (383, 230), (396, 230), (397, 230)]
[(317, 231), (318, 231), (319, 231), (320, 231), (347, 231), (348, 231), (358, 231), (372, 231), (384, 231), (398, 231), (399, 231)]
[(313, 232), (314, 232), (315, 232), (316, 232), (346, 232), (358, 232), (372, 232), (385, 232), (400, 232), (401, 232)]
[(309, 233), (310, 233), (311, 233), (312, 233), (344, 233), (345, 233), (357, 233), (372, 233), (386, 233), (402, 233), (403, 233)]
[(305, 234), (306, 234), (307, 234), (308, 234), (342, 234), (343, 234), (356, 234), (372, 234), (387, 234), (404, 234), (405, 234)]
[(302, 235), (303, 235), (304, 235), (341, 235), (355, 235), (372, 235), (388, 235), (406, 235), (407, 235)]
[(298, 236), (299, 236), (300, 236), (301, 236), (339, 236), (340, 236), (354, 236), (372, 236), (389, 236), (408, 236), (409, 236)]
[(294, 237), (295, 237), (296, 237), (297, 237), (337, 237), (338, 237), (353, 237), (372, 237), (390, 237), (410, 237), (411, 237)]
[(290, 238), (291, 238), (292, 238), (293, 238), (336, 238), (352, 238), (372, 238), (391, 238), (412, 238), (413, 238)]
[(287, 239), (288, 239), (289, 239), (334, 239), (335, 239), (351, 239), (372, 239), (392, 239), (414, 239), (415, 239)]
[(283, 240), (284, 240), (285, 240), (286, 240), (332, 240), (333, 240), (351, 240), (372, 240), (393, 240), (416, 240), (417, 240)]
[(279, 241), (280, 241), (281, 241), (282, 241), (331, 241), (350, 241), (372, 241), (394, 241), (418, 241), (419, 241)]
[(275, 242), (276, 242), (277, 242), (278, 242), (329, 242), (330, 242), (349, 242), (372, 242), (395, 242), (420, 242), (421, 242)]
[(271, 243), (272, 243), (273, 243), (274, 243), (327, 243), (328, 243), (348, 243), (372, 243), (396, 243), (422, 243), (423, 243)]
[(268, 244), (269, 244), (270, 244), (326, 244), (347, 244), (372, 244), (397, 244), (424, 244), (425, 244)]
[(264, 245), (265, 245), (266, 245), (267, 245), (324, 245), (325, 245), (346, 245), (372, 245), (398, 245), (426, 245), (427, 245)]
[(260, 246), (261, 246), (262, 246), (263, 246), (322, 246), (323, 246), (345, 246), (372, 246), (399, 246), (428, 246), (429, 246)]
[(256, 247), (257, 247), (258, 247), (259, 247), (321, 247), (344, 247), (372, 247), (400, 247), (430, 247), (431, 247)]
[(252, 248), (253, 248), (254, 248), (255, 248), (319, 248), (320, 248), (343, 248), (372, 248), (401, 248), (432, 248), (433, 248)]
[(249, 249), (250, 249), (251, 249), (317, 249), (318, 249), (343, 249), (372, 249), (402, 249), (434, 249), (435, 249)]
[(245, 250), (246, 250), (247, 250), (248, 250), (316, 250), (342, 250), (372, 250), (403, 250), (436, 250), (437, 250)]
[(241, 251), (242, 251), (243, 251), (244, 251), (314, 251), (315, 251), (341, 251), (372, 251), (404, 251), (438, 251), (439, 251)]
[(237, 252), (238, 252), (239, 252), (240, 252), (312, 252), (313, 252), (340, 252), (372, 252), (405, 252), (440, 252), (441, 252)]
[(233, 253), (234, 253), (235, 253), (236, 253), (311, 253), (339, 253), (372, 253), (405, 253), (442, 253), (443, 253)]
[(230, 254), (231, 254), (232, 254), (309, 254), (310, 254), (338, 254), (372, 254), (406, 254), (444, 254)]
[(226, 255), (227, 255), (228, 255), (229, 255), (307, 255), (308, 255), (337, 255), (372, 255), (407, 255), (445, 255), (446, 255)]
[(222, 256), (223, 256), (224, 256), (225, 256), (306, 256), (336, 256), (372, 256), (408, 256), (447, 256), (448, 256)]
[(218, 257), (219, 257), (220, 257), (221, 257), (304, 257), (305, 257), (336, 257), (372, 257), (409, 257), (449, 257), (450, 257)]
[(215, 258), (216, 258), (217, 258), (302, 258), (303, 258), (335, 258), (372, 258), (410, 258), (451, 258), (452, 258)]
[(211, 259), (212, 259), (213, 259), (214, 259), (301, 259), (334, 259), (372, 259), (411, 259), (453, 259), (454, 259)]
[(207, 260), (208, 260), (209, 260), (210, 260), (299, 260), (300, 260), (333, 260), (372, 260), (412, 260), (455, 260), (456, 260)]
[(203, 261), (204, 261), (205, 261), (206, 261), (297, 261), (298, 261), (332, 261), (372, 261), (413, 261), (457, 261), (458, 261)]
[(199, 262), (200, 262), (201, 262), (202, 262), (296, 262), (331, 262), (372, 262), (414, 262), (459, 262), (460, 262)]
[(196, 263), (197, 263), (198, 263), (294, 263), (295, 263), (330, 263), (372, 263), (415, 263), (461, 263), (462, 263)]
[(192, 264), (193, 264), (194, 264), (195, 264), (292, 264), (293, 264), (329, 264), (372, 264), (416, 264), (463, 264), (464, 264)]
[(188, 265), (189, 265), (190, 265), (191, 265), (291, 265), (328, 265), (372, 265), (417, 265), (465, 265), (466, 265)]
[(184, 266), (185, 266), (186, 266), (187, 266), (289, 266), (290, 266), (328, 266), (372, 266), (418, 266), (467, 266), (468, 266)]
[(180, 267), (181, 267), (182, 267), (183, 267), (287, 267), (288, 267), (327, 267), (372, 267), (419, 267), (469, 267), (470, 267)]
[(177, 268), (178, 268), (179, 268), (286, 268), (326, 268), (372, 268), (420, 268), (471, 268), (472, 268)]
[(173, 269), (174, 269), (175, 269), (176, 269), (284, 269), (285, 269), (325, 269), (372, 269), (421, 269), (473, 269), (474, 269)]
[(169, 270), (170, 270), (171, 270), (172, 270), (282, 270), (283, 270), (324, 270), (372, 270), (422, 270), (475, 270), (476, 270)]
[(165, 271), (166, 271), (167, 271), (168, 271), (281, 271), (323, 271), (372, 271), (423, 271), (477, 271), (478, 271)]
[(162, 272), (163, 272), (164, 272), (279, 272), (280, 272), (322, 272), (372, 272), (424, 272), (479, 272), (480, 272)]
[(158, 273), (159, 273), (160, 273), (161, 273), (277, 273), (278, 273), (321, 273), (372, 273), (425, 273), (481, 273), (482, 273)]
[(154, 274), (155, 274), (156, 274), (157, 274), (276, 274), (321, 274), (372, 274), (426, 274), (483, 274), (484, 274)]
[(150, 275), (151, 275), (152, 275), (153, 275), (274, 275), (275, 275), (320, 275), (372, 275), (427, 275), (485, 275), (486, 275)]
[(146, 276), (147, 276), (148, 276), (149, 276), (273, 276), (319, 276), (372, 276), (428, 276), (487, 276), (488, 276)]
[(143, 277), (144, 277), (145, 277), (271, 277), (272, 277), (318, 277), (372, 277), (429, 277), (489, 277), (490, 277)]
[(139, 278), (140, 278), (141, 278), (142, 278), (269, 278), (270, 278), (317, 278), (372, 278), (430, 278), (491, 278), (492, 278)]
[(135, 279), (136, 279), (137, 279), (138, 279), (268, 279), (316, 279), (372, 279), (431, 279), (493, 279), (494, 279)]
[(131, 280), (132, 280), (133, 280), (134, 280), (266, 280), (267, 280), (315, 280), (372, 280), (432, 280), (495, 280), (496, 280)]
[(127, 281), (128, 281), (129, 281), (130, 281), (264, 281), (265, 281), (314, 281), (372, 281), (433, 281), (497, 281), (498, 281)]
[(124, 282), (125, 282), (126, 282), (263, 282), (314, 282), (372, 282), (434, 282), (499, 282)]
[(120, 283), (121, 283), (122, 283), (123, 283), (261, 283), (262, 283), (313, 283), (372, 283), (435, 283), (500, 283), (501, 283)]
[(116, 284), (117, 284), (118, 284), (119, 284), (259, 284), (260, 284), (312, 284), (372, 284), (436, 284), (502, 284), (503, 284)]
[(112, 285), (113, 285), (114, 285), (115, 285), (258, 285), (311, 285), (372, 285), (437, 285), (504, 285), (505, 285)]
[(108, 286), (109, 286), (110, 286), (111, 286), (256, 286), (257, 286), (310, 286), (372, 286), (438, 286), (506, 286), (507, 286)]
[(105, 287), (106, 287), (107, 287), (254, 287), (255, 287), (309, 287), (372, 287), (438, 287), (508, 287), (509, 287)]
[(101, 288), (102, 288), (103, 288), (104, 288), (253, 288), (308, 288), (372, 288), (439, 288), (510, 288), (511, 288)]
[(97, 289), (98, 289), (99, 289), (100, 289), (251, 289), (252, 289), (307, 289), (372, 289), (440, 289), (512, 289), (513, 289)]
[(93, 290), (94, 290), (95, 290), (96, 290), (249, 290), (250, 290), (306, 290), (372, 290), (441, 290), (514, 290), (515, 290)]
[(90, 291), (91, 291), (92, 291), (248, 291), (306, 291), (372, 291), (442, 291), (516, 291), (517, 291)]
[(86, 292), (87, 292), (88, 292), (89, 292), (246, 292), (247, 292), (305, 292), (372, 292), (443, 292), (518, 292), (519, 292)]
[(82, 293), (83, 293), (84, 293), (85, 293), (244, 293), (245, 293), (304, 293), (372, 293), (444, 293), (520, 293), (521, 293)]
[(78, 294), (79, 294), (80, 294), (81, 294), (243, 294), (303, 294), (372, 294), (445, 294), (522, 294), (523, 294)]
[(74, 295), (75, 295), (76, 295), (77, 295), (241, 295), (242, 295), (302, 295), (373, 295), (446, 295), (524, 295), (525, 295)]
[(71, 296), (72, 296), (73, 296), (239, 296), (240, 296), (301, 296), (373, 296), (447, 296), (526, 296), (527, 296)]
[(67, 297), (68, 297), (69, 297), (70, 297), (238, 297), (300, 297), (373, 297), (448, 297), (528, 297), (529, 297)]
[(63, 298), (64, 298), (65, 298), (66, 298), (236, 298), (237, 298), (299, 298), (373, 298), (449, 298), (530, 298), (531, 298)]
[(59, 299), (60, 299), (61, 299), (62, 299), (234, 299), (235, 299), (299, 299), (373, 299), (450, 299), (532, 299), (533, 299)]
[(55, 300), (56, 300), (57, 300), (58, 300), (233, 300), (298, 300), (373, 300), (451, 300), (534, 300), (535, 300)]
[(52, 301), (53, 301), (54, 301), (231, 301), (232, 301), (297, 301), (373, 301), (452, 301), (536, 301), (537, 301)]
[(48, 302), (49, 302), (50, 302), (51, 302), (229, 302), (230, 302), (296, 302), (373, 302), (453, 302), (538, 302), (539, 302)]
[(44, 303), (45, 303), (46, 303), (47, 303), (228, 303), (295, 303), (373, 303), (454, 303), (540, 303), (541, 303)]
[(40, 304), (41, 304), (42, 304), (43, 304), (226, 304), (227, 304), (294, 304), (373, 304), (455, 304), (542, 304), (543, 304)]
[(36, 305), (37, 305), (38, 305), (39, 305), (224, 305), (225, 305), (293, 305), (373, 305), (456, 305), (544, 305), (545, 305)]
[(33, 306), (34, 306), (35, 306), (223, 306), (292, 306), (373, 306), (457, 306), (546, 306), (547, 306)]
[(29, 307), (30, 307), (31, 307), (32, 307), (221, 307), (222, 307), (291, 307), (373, 307), (458, 307), (548, 307), (549, 307)]
[(25, 308), (26, 308), (27, 308), (28, 308), (219, 308), (220, 308), (291, 308), (373, 308), (459, 308), (550, 308), (551, 308)]
[(21, 309), (22, 309), (23, 309), (24, 309), (218, 309), (290, 309), (373, 309), (460, 309), (552, 309), (553, 309)]
[(18, 310), (19, 310), (20, 310), (216, 310), (217, 310), (289, 310), (373, 310), (461, 310), (554, 310)]
[(14, 311), (15, 311), (16, 311), (17, 311), (214, 311), (215, 311), (288, 311), (373, 311), (462, 311), (555, 311), (556, 311)]
[(10, 312), (11, 312), (12, 312), (13, 312), (213, 312), (287, 312), (373, 312), (463, 312), (557, 312), (558, 312)]
[(6, 313), (7, 313), (8, 313), (9, 313), (211, 313), (212, 313), (286, 313), (373, 313), (464, 313), (559, 313), (560, 313)]
[(2, 314), (3, 314), (4, 314), (5, 314), (209, 314), (210, 314), (285, 314), (373, 314), (465, 314), (561, 314), (562, 314)]
[(0, 315), (1, 315), (208, 315), (284, 315), (373, 315), (466, 315), (563, 315), (564, 315)]
[(206, 316), (207, 316), (284, 316), (373, 316), (467, 316), (565, 316), (566, 316)]
[(204, 317), (205, 317), (283, 317), (373, 317), (468, 317), (567, 317), (568, 317)]
[(203, 318), (282, 318), (373, 318), (469, 318), (569, 318), (570, 318)]
[(201, 319), (202, 319), (281, 319), (373, 319), (470, 319), (571, 319), (572, 319)]
[(199, 320), (200, 320), (280, 320), (373, 320), (470, 320), (573, 320), (574, 320)]
[(198, 321), (279, 321), (373, 321), (471, 321), (575, 321), (576, 321)]
[(196, 322), (197, 322), (278, 322), (373, 322), (472, 322), (577, 322), (578, 322)]
[(194, 323), (195, 323), (277, 323), (373, 323), (473, 323), (579, 323), (580, 323)]
[(193, 324), (276, 324), (373, 324), (474, 324), (581, 324), (582, 324)]
[(191, 325), (192, 325), (276, 325), (373, 325), (475, 325), (583, 325), (584, 325)]
[(189, 326), (190, 326), (275, 326), (373, 326), (476, 326), (585, 326), (586, 326)]
[(188, 327), (274, 327), (373, 327), (477, 327), (587, 327), (588, 327)]
[(186, 328), (187, 328), (273, 328), (373, 328), (478, 328), (589, 328), (590, 328)]
[(184, 329), (185, 329), (272, 329), (373, 329), (479, 329), (591, 329), (592, 329)]
[(183, 330), (271, 330), (373, 330), (480, 330), (593, 330), (594, 330)]
[(181, 331), (182, 331), (270, 331), (373, 331), (481, 331), (595, 331), (596, 331)]
[(179, 332), (180, 332), (269, 332), (373, 332), (482, 332), (597, 332), (598, 332)]
[(178, 333), (269, 333), (373, 333), (483, 333), (599, 333), (600, 333)]
[(176, 334), (177, 334), (268, 334), (373, 334), (484, 334), (601, 334), (602, 334)]
[(174, 335), (175, 335), (267, 335), (373, 335), (485, 335), (603, 335), (604, 335)]
[(173, 336), (266, 336), (373, 336), (486, 336), (605, 336), (606, 336)]
[(171, 337), (172, 337), (265, 337), (373, 337), (487, 337), (607, 337), (608, 337)]
[(169, 338), (170, 338), (264, 338), (373, 338), (488, 338), (609, 338)]
[(168, 339), (263, 339), (373, 339), (489, 339), (610, 339), (611, 339)]
[(166, 340), (167, 340), (262, 340), (373, 340), (490, 340), (612, 340), (613, 340)]
[(164, 341), (165, 341), (262, 341), (373, 341), (491, 341), (614, 341), (615, 341)]
[(163, 342), (261, 342), (373, 342), (492, 342), (616, 342), (617, 342)]
[(161, 343), (162, 343), (260, 343), (373, 343), (493, 343), (618, 343), (619, 343)]
[(159, 344), (160, 344), (259, 344), (373, 344), (494, 344), (620, 344), (621, 344)]
[(158, 345), (258, 345), (373, 345), (495, 345), (622, 345), (623, 345)]
[(156, 346), (157, 346), (257, 346), (373, 346), (496, 346), (624, 346), (625, 346)]
[(154, 347), (155, 347), (256, 347), (373, 347), (497, 347), (626, 347), (627, 347)]
[(153, 348), (255, 348), (373, 348), (498, 348), (628, 348), (629, 348)]
[(151, 349), (152, 349), (254, 349), (373, 349), (499, 349), (630, 349), (631, 349)]
[(149, 350), (150, 350), (254, 350), (373, 350), (500, 350), (632, 350), (633, 350)]
[(148, 351), (253, 351), (373, 351), (501, 351), (634, 351), (635, 351)]
[(146, 352), (147, 352), (252, 352), (373, 352), (502, 352), (636, 352), (637, 352)]
[(144, 353), (145, 353), (251, 353), (373, 353), (503, 353), (638, 353), (639, 353)]
[(143, 354), (250, 354), (373, 354), (503, 354), (640, 354), (641, 354)]
[(141, 355), (142, 355), (249, 355), (373, 355), (504, 355), (642, 355), (643, 355)]
[(139, 356), (140, 356), (248, 356), (373, 356), (505, 356), (644, 356), (645, 356)]
[(138, 357), (247, 357), (373, 357), (506, 357), (646, 357), (647, 357)]
[(136, 358), (137, 358), (247, 358), (373, 358), (507, 358), (648, 358), (649, 358)]
[(134, 359), (135, 359), (246, 359), (373, 359), (508, 359), (650, 359), (651, 359)]
[(133, 360), (245, 360), (373, 360), (509, 360), (652, 360), (653, 360)]
[(131, 361), (132, 361), (244, 361), (373, 361), (510, 361), (654, 361), (655, 361)]
[(129, 362), (130, 362), (243, 362), (373, 362), (511, 362), (656, 362), (657, 362)]
[(128, 363), (242, 363), (373, 363), (512, 363), (658, 363), (659, 363)]
[(126, 364), (127, 364), (241, 364), (373, 364), (513, 364), (660, 364), (661, 364)]
[(124, 365), (125, 365), (240, 365), (373, 365), (514, 365), (662, 365), (663, 365)]
[(123, 366), (239, 366), (373, 366), (515, 366), (664, 366)]
[(121, 367), (122, 367), (239, 367), (373, 367), (516, 367), (665, 367), (666, 367)]
[(119, 368), (120, 368), (238, 368), (373, 368), (517, 368), (667, 368), (668, 368)]
[(118, 369), (237, 369), (373, 369), (518, 369), (669, 369), (670, 369)]
[(116, 370), (117, 370), (236, 370), (373, 370), (519, 370), (671, 370), (672, 370)]
[(114, 371), (115, 371), (235, 371), (373, 371), (520, 371), (673, 371), (674, 371)]
[(113, 372), (234, 372), (373, 372), (521, 372), (675, 372), (676, 372)]
[(111, 373), (112, 373), (233, 373), (373, 373), (522, 373), (677, 373), (678, 373)]
[(109, 374), (110, 374), (232, 374), (373, 374), (523, 374), (679, 374), (680, 374)]
[(108, 375), (232, 375), (373, 375), (524, 375), (681, 375), (682, 375)]
[(106, 376), (107, 376), (231, 376), (373, 376), (525, 376), (683, 376), (684, 376)]
[(104, 377), (105, 377), (230, 377), (373, 377), (526, 377), (685, 377), (686, 377)]
[(103, 378), (229, 378), (373, 378), (527, 378), (687, 378), (688, 378)]
[(101, 379), (102, 379), (228, 379), (374, 379), (528, 379), (689, 379), (690, 379)]
[(99, 380), (100, 380), (227, 380), (374, 380), (529, 380), (691, 380), (692, 380)]
[(98, 381), (226, 381), (374, 381), (530, 381), (693, 381), (694, 381)]
[(96, 382), (97, 382), (225, 382), (374, 382), (531, 382), (695, 382), (696, 382)]
[(94, 383), (95, 383), (225, 383), (374, 383), (532, 383), (697, 383), (698, 383)]
[(93, 384), (224, 384), (374, 384), (533, 384), (699, 384), (700, 384)]
[(91, 385), (92, 385), (223, 385), (374, 385), (534, 385), (701, 385), (702, 385)]
[(90, 386), (222, 386), (374, 386), (535, 386), (703, 386), (704, 386)]
[(88, 387), (89, 387), (221, 387), (374, 387), (536, 387), (705, 387), (706, 387)]
[(86, 388), (87, 388), (220, 388), (374, 388), (536, 388), (707, 388), (708, 388)]
[(85, 389), (219, 389), (374, 389), (537, 389), (709, 389), (710, 389)]
[(83, 390), (84, 390), (218, 390), (374, 390), (538, 390), (711, 390), (712, 390)]
[(81, 391), (82, 391), (217, 391), (374, 391), (539, 391), (713, 391), (714, 391)]
[(80, 392), (217, 392), (374, 392), (540, 392), (715, 392), (716, 392)]
[(78, 393), (79, 393), (216, 393), (374, 393), (541, 393), (717, 393), (718, 393)]
[(76, 394), (77, 394), (215, 394), (374, 394), (542, 394), (719, 394)]
[(75, 395), (214, 395), (374, 395), (543, 395), (720, 395), (721, 395)]
[(73, 396), (74, 396), (213, 396), (374, 396), (544, 396), (722, 396), (723, 396)]
[(71, 397), (72, 397), (212, 397), (374, 397), (545, 397), (724, 397), (725, 397)]
[(70, 398), (211, 398), (374, 398), (546, 398), (726, 398), (727, 398)]
[(68, 399), (69, 399), (210, 399), (374, 399), (547, 399), (728, 399), (729, 399)]
[(66, 400), (67, 400), (210, 400), (374, 400), (548, 400), (730, 400), (731, 400)]
[(65, 401), (209, 401), (374, 401), (549, 401), (732, 401), (733, 401)]
[(63, 402), (64, 402), (208, 402), (374, 402), (550, 402), (734, 402), (735, 402)]
[(61, 403), (62, 403), (207, 403), (374, 403), (551, 403), (736, 403), (737, 403)]
[(60, 404), (206, 404), (374, 404), (552, 404), (738, 404), (739, 404)]
[(58, 405), (59, 405), (205, 405), (374, 405), (553, 405), (740, 405), (741, 405)]
[(56, 406), (57, 406), (204, 406), (374, 406), (554, 406), (742, 406), (743, 406)]
[(55, 407), (203, 407), (374, 407), (555, 407), (744, 407), (745, 407)]
[(53, 408), (54, 408), (202, 408), (374, 408), (556, 408), (746, 408), (747, 408)]
[(51, 409), (52, 409), (202, 409), (374, 409), (557, 409), (748, 409), (749, 409)]
[(50, 410), (201, 410), (374, 410), (558, 410), (750, 410), (751, 410)]
[(48, 411), (49, 411), (200, 411), (374, 411), (559, 411), (752, 411), (753, 411)]
[(46, 412), (47, 412), (199, 412), (374, 412), (560, 412), (754, 412), (755, 412)]
[(45, 413), (198, 413), (374, 413), (561, 413), (756, 413), (757, 413)]
[(43, 414), (44, 414), (197, 414), (374, 414), (562, 414), (758, 414), (759, 414)]
[(41, 415), (42, 415), (196, 415), (374, 415), (563, 415), (760, 415), (761, 415)]
[(40, 416), (195, 416), (374, 416), (564, 416), (762, 416), (763, 416)]
[(38, 417), (39, 417), (195, 417), (374, 417), (565, 417), (764, 417), (765, 417)]
[(36, 418), (37, 418), (194, 418), (374, 418), (566, 418), (766, 418), (767, 418)]
[(35, 419), (193, 419), (374, 419), (567, 419), (768, 419), (769, 419)]
[(33, 420), (34, 420), (192, 420), (374, 420), (568, 420), (770, 420), (771, 420)]
[(31, 421), (32, 421), (191, 421), (374, 421), (568, 421), (772, 421), (773, 421)]
[(30, 422), (190, 422), (374, 422), (569, 422), (774, 422), (775, 422)]
[(28, 423), (29, 423), (189, 423), (374, 423), (570, 423), (776, 423)]
[(26, 424), (27, 424), (188, 424), (374, 424), (571, 424), (777, 424), (778, 424)]
[(25, 425), (187, 425), (374, 425), (572, 425), (779, 425), (780, 425)]
[(23, 426), (24, 426), (187, 426), (374, 426), (573, 426), (781, 426), (782, 426)]
[(21, 427), (22, 427), (186, 427), (374, 427), (574, 427), (783, 427), (784, 427)]
[(20, 428), (185, 428), (374, 428), (575, 428), (785, 428), (786, 428)]
[(18, 429), (19, 429), (184, 429), (374, 429), (576, 429), (787, 429), (788, 429)]
[(16, 430), (17, 430), (183, 430), (374, 430), (577, 430), (789, 430), (790, 430)]
[(15, 431), (182, 431), (374, 431), (578, 431), (791, 431), (792, 431)]
[(13, 432), (14, 432), (181, 432), (374, 432), (579, 432), (793, 432), (794, 432)]
[(11, 433), (12, 433), (180, 433), (374, 433), (580, 433), (795, 433), (796, 433)]
[(10, 434), (180, 434), (374, 434), (581, 434), (797, 434), (798, 434)]
[(8, 435), (9, 435), (179, 435), (374, 435), (582, 435), (799, 435), (800, 435)]
[(6, 436), (7, 436), (178, 436), (374, 436), (583, 436), (801, 436), (802, 436)]
[(5, 437), (177, 437), (374, 437), (584, 437), (803, 437), (804, 437)]
[(3, 438), (4, 438), (176, 438), (374, 438), (585, 438), (805, 438), (806, 438)]
[(1, 439), (2, 439), (175, 439), (374, 439), (586, 439), (807, 439), (808, 439)]
[(0, 440), (174, 440), (374, 440), (587, 440), (809, 440), (810, 440)]
[(173, 441), (374, 441), (588, 441), (811, 441), (812, 441)]
[(173, 442), (374, 442), (589, 442), (813, 442), (814, 442)]
[(172, 443), (374, 443), (590, 443), (815, 443), (816, 443)]
[(171, 444), (374, 444), (591, 444), (817, 444), (818, 444)]
[(170, 445), (374, 445), (592, 445), (819, 445), (820, 445)]
[(169, 446), (374, 446), (593, 446), (821, 446), (822, 446)]
[(168, 447), (374, 447), (594, 447), (823, 447), (824, 447)]
[(167, 448), (374, 448), (595, 448), (825, 448), (826, 448)]
[(166, 449), (374, 449), (596, 449), (827, 449), (828, 449)]
[(165, 450), (374, 450), (597, 450), (829, 450), (830, 450)]
[(165, 451), (374, 451), (598, 451), (831, 451)]
[(164, 452), (374, 452), (599, 452), (832, 452), (833, 452)]
[(163, 453), (374, 453), (600, 453), (834, 453), (835, 453)]
[(162, 454), (374, 454), (601, 454), (836, 454), (837, 454)]
[(161, 455), (374, 455), (601, 455), (838, 455), (839, 455)]
[(160, 456), (374, 456), (602, 456), (840, 456), (841, 456)]
[(159, 457), (374, 457), (603, 457), (842, 457), (843, 457)]
[(158, 458), (374, 458), (604, 458), (844, 458), (845, 458)]
[(158, 459), (374, 459), (605, 459), (846, 459), (847, 459)]
[(157, 460), (374, 460), (606, 460), (848, 460), (849, 460)]
[(156, 461), (374, 461), (607, 461), (850, 461), (851, 461)]
[(155, 462), (374, 462), (608, 462), (852, 462), (853, 462)]
[(154, 463), (375, 463), (609, 463), (854, 463), (855, 463)]
[(153, 464), (375, 464), (610, 464), (856, 464), (857, 464)]
[(152, 465), (375, 465), (611, 465), (858, 465), (859, 465)]
[(151, 466), (375, 466), (612, 466), (860, 466), (861, 466)]
[(150, 467), (375, 467), (613, 467), (862, 467), (863, 467)]
[(150, 468), (375, 468), (614, 468), (864, 468), (865, 468)]
[(149, 469), (375, 469), (615, 469), (866, 469), (867, 469)]
[(148, 470), (375, 470), (616, 470), (868, 470), (869, 470)]
[(147, 471), (375, 471), (617, 471), (870, 471), (871, 471)]
[(146, 472), (375, 472), (618, 472), (872, 472), (873, 472)]
[(145, 473), (375, 473), (619, 473), (874, 473), (875, 473)]
[(144, 474), (375, 474), (620, 474), (876, 474), (877, 474)]
[(143, 475), (375, 475), (621, 475), (878, 475), (879, 475)]
[(143, 476), (375, 476), (622, 476), (880, 476), (881, 476)]
[(142, 477), (375, 477), (623, 477), (882, 477), (883, 477)]
[(141, 478), (375, 478), (624, 478), (884, 478), (885, 478)]
[(140, 479), (375, 479), (625, 479), (886, 479)]
[(139, 480), (375, 480), (626, 480)]
[(138, 481), (375, 481), (627, 481)]
[(137, 482), (375, 482), (628, 482)]
[(136, 483), (375, 483), (629, 483)]
[(136, 484), (375, 484), (630, 484)]
[(135, 485), (375, 485), (631, 485)]
[(134, 486), (375, 486), (632, 486)]
[(133, 487), (375, 487), (633, 487)]
[(132, 488), (375, 488), (634, 488)]
[(131, 489), (375, 489), (634, 489)]
[(130, 490), (375, 490), (635, 490)]
[(129, 491), (375, 491), (636, 491)]
[(128, 492), (375, 492), (637, 492)]
[(128, 493), (375, 493), (638, 493)]
[(127, 494), (375, 494), (639, 494)]
[(126, 495), (375, 495), (640, 495)]
[(125, 496), (375, 496), (641, 496)]
[(124, 497), (375, 497), (642, 497)]
[(123, 498), (375, 498), (643, 498)]
[(122, 499), (375, 499), (644, 499)]
[(121, 500), (375, 500), (645, 500)]
[(121, 501), (375, 501), (646, 501)]
[(120, 502), (375, 502), (647, 502)]
[(119, 503), (375, 503), (648, 503)]
[(118, 504), (375, 504), (649, 504)]
[(117, 505), (375, 505), (650, 505)]
